time	V(out)
0.000000000000000e+00	-1.077292e-25
7.812499952519758e-11	1.662708e-05
1.562499990503952e-10	2.313464e-05
3.124999981007903e-10	1.291916e-05
5.869391047630410e-10	-1.165512e-05
8.616203677251344e-10	-1.185340e-05
1.343164274744421e-09	2.999074e-06
2.044816285514526e-09	2.519782e-06
3.126622682692665e-09	-1.332577e-06
4.796105685209118e-09	-2.561314e-07
6.465588687725572e-09	-3.281573e-08
9.804554692758480e-09	-4.080150e-08
1.591180199376492e-08	6.518245e-08
2.510049668289377e-08	1.211670e-07
3.802265223915812e-08	1.547033e-07
5.999959300314368e-08	2.117419e-07
9.969814678417754e-08	3.534485e-07
1.790952543462453e-07	7.194456e-07
2.975637767873501e-07	1.365550e-06
4.464340851876418e-07	2.252807e-06
6.513509605214874e-07	3.524513e-06
9.375132517381486e-07	5.341681e-06
1.440946619403193e-06	8.616268e-06
2.447813354733281e-06	1.536545e-05
3.263285198185240e-06	2.991591e-05
4.027046468447115e-06	1.262329e-04
4.830856105831598e-06	3.151168e-04
5.570801497220220e-06	5.139926e-04
6.534363213295803e-06	7.516859e-04
7.560878298413025e-06	9.560378e-04
8.985139138111275e-06	1.153580e-03
1.139309417734062e-05	1.299677e-03
1.582079008177121e-05	1.190735e-03
2.000000000000000e-05	9.057259e-04
2.022773759644613e-05	8.749107e-04
2.068321278933840e-05	8.010801e-04
2.085012991437065e-05	7.710193e-04
2.098688204992989e-05	7.458802e-04
2.112364049000213e-05	7.207291e-04
2.126263609958006e-05	6.954368e-04
2.131275911156797e-05	6.864058e-04
2.134122994202670e-05	6.813028e-04
2.136640722506875e-05	6.768085e-04
2.140208970068543e-05	6.704705e-04
2.143472210362862e-05	6.647081e-04
2.148334890222538e-05	6.561838e-04
2.152936270259242e-05	6.481883e-04
2.160453943150750e-05	6.352793e-04
2.168427348668575e-05	6.218029e-04
2.180703883064540e-05	6.015009e-04
2.194969795250978e-05	5.786057e-04
2.217899501908327e-05	5.433961e-04
2.251785827131917e-05	4.949081e-04
2.319558477579095e-05	4.097656e-04
2.435586781193676e-05	2.948858e-04
2.573514724880616e-05	1.976369e-04
2.830122779868750e-05	8.836122e-05
3.080886482696895e-05	3.643254e-05
3.293058905576085e-05	1.636118e-05
3.475556151159631e-05	8.307862e-06
3.650846582694127e-05	4.530051e-06
3.844477878197098e-05	2.460880e-06
4.030089515028567e-05	1.494373e-06
4.239825402606709e-05	9.462498e-07
4.458277157014832e-05	6.589165e-07
4.718055989615585e-05	4.775507e-07
5.017545511259794e-05	3.593449e-07
5.402645654699377e-05	2.648949e-07
5.895603381802810e-05	1.863693e-07
6.581612101475747e-05	1.190706e-07
7.362862101475747e-05	7.881438e-08
8.053381308439034e-05	6.321196e-08
8.630144271172520e-05	5.858517e-08
9.670745915139496e-05	5.904442e-08
1.901226289648588e-04	1.060635e-07
1.979351289648588e-04	1.083894e-07
2.057476289648588e-04	1.072439e-07
2.135601289648588e-04	9.801100e-08
2.213726289648588e-04	7.694530e-08
2.291851289648588e-04	4.890847e-08
2.369976289648588e-04	2.462925e-08
2.448101289648588e-04	9.932676e-09
2.526226289648588e-04	3.686544e-09
2.705466351320527e-04	2.499653e-09
2.760637110934019e-04	2.679815e-09
2.815807870547511e-04	2.816113e-09
2.870978630161004e-04	2.908548e-09
2.926149389774496e-04	2.957119e-09
2.981320149387988e-04	2.961826e-09
3.036490909001481e-04	2.922670e-09
3.091661668614973e-04	2.839651e-09
3.169786668614973e-04	1.555444e-08
3.223746666076077e-04	1.827139e-08
3.282234396577672e-04	1.511738e-08
3.349449304760284e-04	9.533409e-09
3.421753139028588e-04	5.222125e-09
3.576274054375192e-04	2.496427e-09
3.710202625803763e-04	2.584152e-09
3.844131197232335e-04	2.592841e-09
3.978059768660907e-04	2.522494e-09
4.111988340089478e-04	2.373111e-09
4.245916911518050e-04	2.144692e-09
4.379845482946622e-04	1.837237e-09
4.513774054375193e-04	1.450746e-09
4.591899054375193e-04	2.732994e-10
4.670024054375193e-04	-2.964961e-09
4.748149054375193e-04	-1.178731e-08
4.826274054375193e-04	-3.469722e-08
4.904399054375193e-04	-8.749301e-08
4.982524054375193e-04	-1.844155e-07
5.060649054375193e-04	-3.187224e-07
5.138774054375193e-04	-4.460681e-07
5.216899054375193e-04	-5.350152e-07
5.295024054375193e-04	-5.908927e-07
5.373149054375193e-04	-5.879045e-07
5.451274054375193e-04	3.217259e-06
5.522169688535707e-04	9.551017e-05
5.591392690894645e-04	4.705539e-04
5.669517690894645e-04	1.594040e-03
5.747642690894645e-04	4.409786e-03
5.825767690894645e-04	1.103329e-02
5.903892690894646e-04	2.525965e-02
5.982017690894646e-04	5.195562e-02
6.060142690894646e-04	9.517290e-02
6.069908315894646e-04	1.019169e-01
6.077232534644645e-04	1.070844e-01
6.078453237769645e-04	1.079580e-01
6.080894644019645e-04	1.096418e-01
6.082242389031105e-04	1.105358e-01
6.083567465444188e-04	1.113950e-01
6.084500888760092e-04	1.119880e-01
6.085355206812185e-04	1.125209e-01
6.085926064833416e-04	1.128723e-01
6.086586633238962e-04	1.132739e-01
6.087907770050056e-04	1.140616e-01
6.090192526321946e-04	1.153766e-01
6.096509576630410e-04	1.187244e-01
6.102712992689572e-04	1.216464e-01
6.115119824807897e-04	1.266019e-01
6.139933489044547e-04	1.339470e-01
6.176728656017448e-04	1.409731e-01
6.218343733817570e-04	1.458553e-01
6.257157212233896e-04	1.489676e-01
6.305153738991809e-04	1.520953e-01
6.353600498815150e-04	1.549913e-01
6.431725498815150e-04	1.596317e-01
6.509850498815150e-04	1.643462e-01
6.666100498815150e-04	1.740374e-01
6.900475498815151e-04	1.891652e-01
7.045564784529437e-04	1.987932e-01
7.190654070243723e-04	2.088328e-01
7.335743355958008e-04	2.192839e-01
7.480832641672294e-04	2.301466e-01
7.625921927386580e-04	2.414208e-01
7.771011213100866e-04	2.531065e-01
7.916100498815151e-04	2.652038e-01
8.150475498815152e-04	2.863042e-01
8.306725498815152e-04	3.015010e-01
8.462975498815152e-04	3.178223e-01
8.541100498815152e-04	3.264855e-01
8.619225498815152e-04	3.355394e-01
8.697350498815152e-04	3.450374e-01
8.775475498815152e-04	3.550450e-01
8.853600498815152e-04	3.656446e-01
8.931725498815152e-04	3.769412e-01
9.009850498815152e-04	3.890725e-01
9.087975498815152e-04	4.022231e-01
9.166100498815153e-04	4.166491e-01
9.244225498815153e-04	4.327197e-01
9.322350498815153e-04	4.509950e-01
9.400475498815153e-04	4.723806e-01
9.478600498815153e-04	4.984765e-01
9.556725498815153e-04	5.309345e-01
9.634850498815153e-04	5.703007e-01
9.712975498815153e-04	6.167596e-01
9.791100498815152e-04	6.703727e-01
9.869225498815152e-04	7.311603e-01
9.947350498815152e-04	7.991294e-01
1.002547549881515e-03	8.742822e-01
1.010360049881515e-03	9.566195e-01
1.018172549881515e-03	1.046142e+00
1.025985049881515e-03	1.142848e+00
1.033797549881515e-03	1.246740e+00
1.041610049881515e-03	1.357817e+00
1.057235049881515e-03	1.601524e+00
1.072860049881515e-03	1.873971e+00
1.088485049881515e-03	2.175158e+00
1.096297549881515e-03	2.336528e+00
1.104110049881515e-03	2.505082e+00
1.111922549881515e-03	2.680821e+00
1.119735049881515e-03	2.863744e+00
1.127547549881515e-03	3.053850e+00
1.135360049881515e-03	3.241275e+00
1.142616703466949e-03	3.400216e+00
1.149454465623372e-03	3.531996e+00
1.156064535485371e-03	3.644281e+00
1.162513647467913e-03	3.742927e+00
1.169830595667630e-03	3.845496e+00
1.177643095667630e-03	3.946345e+00
1.185455595667630e-03	4.039194e+00
1.193268095667630e-03	4.124441e+00
1.201080595667630e-03	4.202441e+00
1.208893095667630e-03	4.273665e+00
1.216705595667630e-03	4.338662e+00
1.224518095667630e-03	4.397986e+00
1.232330595667630e-03	4.452151e+00
1.240143095667630e-03	4.501616e+00
1.247955595667630e-03	4.546792e+00
1.255768095667630e-03	4.588049e+00
1.263580595667630e-03	4.625728e+00
1.271393095667631e-03	4.660135e+00
1.279205595667631e-03	4.691555e+00
1.287018095667631e-03	4.720244e+00
1.294830595667631e-03	4.746440e+00
1.302643095667631e-03	4.770357e+00
1.310455595667631e-03	4.792191e+00
1.318268095667631e-03	4.812120e+00
1.326080595667631e-03	4.830309e+00
1.333893095667631e-03	4.846908e+00
1.341705595667631e-03	4.862053e+00
1.349518095667631e-03	4.875868e+00
1.357330595667631e-03	4.888468e+00
1.365143095667631e-03	4.899957e+00
1.372955595667631e-03	4.910431e+00
1.380768095667631e-03	4.919977e+00
1.388580595667631e-03	4.928674e+00
1.396393095667631e-03	4.936596e+00
1.404205595667631e-03	4.943810e+00
1.412018095667631e-03	4.950376e+00
1.419830595667631e-03	4.956351e+00
1.427643095667631e-03	4.961785e+00
1.435455595667631e-03	4.966726e+00
1.443268095667631e-03	4.971217e+00
1.451080595667631e-03	4.975296e+00
1.458893095667631e-03	4.978999e+00
1.466705595667631e-03	4.982359e+00
1.474518095667631e-03	4.985406e+00
1.482330595667631e-03	4.988168e+00
1.490143095667631e-03	4.990669e+00
1.497955595667631e-03	4.992932e+00
1.505768095667631e-03	4.994978e+00
1.513580595667631e-03	4.996827e+00
1.521393095667631e-03	4.998496e+00
1.529205595667631e-03	5.000000e+00
1.537018095667631e-03	5.001355e+00
1.544830595667631e-03	5.002573e+00
1.552643095667631e-03	5.003667e+00
1.560455595667631e-03	5.004648e+00
1.568268095667631e-03	5.005526e+00
1.576080595667631e-03	5.006310e+00
1.583893095667631e-03	5.007008e+00
1.591705595667631e-03	5.007628e+00
1.599518095667631e-03	5.008178e+00
1.607330595667631e-03	5.008664e+00
1.615143095667631e-03	5.009090e+00
1.622955595667631e-03	5.009464e+00
1.630768095667631e-03	5.009789e+00
1.638580595667631e-03	5.010070e+00
1.646393095667631e-03	5.010312e+00
1.654205595667631e-03	5.010516e+00
1.662018095667631e-03	5.010688e+00
1.669830595667631e-03	5.010829e+00
1.677643095667631e-03	5.010943e+00
1.685455595667631e-03	5.011033e+00
1.693268095667631e-03	5.011099e+00
1.701080595667631e-03	5.011146e+00
1.708893095667631e-03	5.011174e+00
1.716705595667631e-03	5.011185e+00
1.724518095667631e-03	5.011180e+00
1.732330595667631e-03	5.011162e+00
1.740143095667631e-03	5.011131e+00
1.747955595667631e-03	5.011088e+00
1.755768095667631e-03	5.011035e+00
1.763580595667631e-03	5.010973e+00
1.771393095667631e-03	5.010902e+00
1.779205595667631e-03	5.010824e+00
1.787018095667631e-03	5.010738e+00
1.794830595667631e-03	5.010646e+00
1.802643095667631e-03	5.010548e+00
1.810455595667631e-03	5.010445e+00
1.818268095667631e-03	5.010336e+00
1.833893095667631e-03	5.010108e+00
1.857330595667631e-03	5.009738e+00
1.880768095667631e-03	5.009344e+00
1.896393095667631e-03	5.009071e+00
1.904205595667631e-03	5.008932e+00
1.912018095667631e-03	5.008787e+00
1.919830595667631e-03	5.008632e+00
1.927643095667631e-03	5.008471e+00
1.935455595667631e-03	5.008307e+00
1.943268095667631e-03	5.008143e+00
1.958893095667631e-03	5.007818e+00
1.974518095667631e-03	5.007505e+00
1.997955595667631e-03	5.007066e+00
2.009116309953346e-03	5.006874e+00
2.020277024239060e-03	5.006692e+00
2.031437738524774e-03	5.006520e+00
2.042598452810488e-03	5.006360e+00
2.053759167096203e-03	5.006210e+00
2.064919881381917e-03	5.006071e+00
2.076080595667631e-03	5.005942e+00
2.099518095667631e-03	5.005702e+00
2.115143095667631e-03	5.005562e+00
2.130768095667631e-03	5.005437e+00
2.146393095667631e-03	5.005327e+00
2.162018095667631e-03	5.005228e+00
2.177643095667631e-03	5.005141e+00
2.193268095667631e-03	5.005063e+00
2.208893095667631e-03	5.004993e+00
2.224518095667631e-03	5.004932e+00
2.240143095667631e-03	5.004878e+00
2.255768095667631e-03	5.004828e+00
2.271393095667631e-03	5.004785e+00
2.287018095667631e-03	5.004746e+00
2.302643095667631e-03	5.004711e+00
2.318268095667631e-03	5.004679e+00
2.333893095667631e-03	5.004650e+00
2.349518095667631e-03	5.004624e+00
2.365143095667631e-03	5.004600e+00
2.380768095667631e-03	5.004578e+00
2.396393095667632e-03	5.004558e+00
2.419830595667632e-03	5.004530e+00
2.443268095667632e-03	5.004505e+00
2.466705595667632e-03	5.004481e+00
2.490143095667632e-03	5.004460e+00
2.513580595667632e-03	5.004440e+00
2.532553809953346e-03	5.004424e+00
2.551527024239060e-03	5.004409e+00
2.570500238524774e-03	5.004394e+00
2.589473452810489e-03	5.004380e+00
2.608446667096203e-03	5.004366e+00
2.627419881381917e-03	5.004352e+00
2.646393095667632e-03	5.004339e+00
2.678759167096203e-03	5.004316e+00
2.711125238524775e-03	5.004294e+00
2.743491309953346e-03	5.004271e+00
2.775857381381917e-03	5.004249e+00
2.808223452810489e-03	5.004227e+00
2.840589524239061e-03	5.004205e+00
2.872955595667632e-03	5.004183e+00
3.024741309953346e-03	5.004079e+00
3.176527024239061e-03	5.003977e+00
3.328312738524775e-03	5.003877e+00
3.480098452810490e-03	5.003780e+00
3.631884167096204e-03	5.003684e+00
3.783669881381918e-03	5.003592e+00
3.935455595667632e-03	5.003501e+00
4.141928809953347e-03	5.003385e+00
4.348402024239062e-03	5.003277e+00
4.554875238524776e-03	5.003175e+00
4.761348452810491e-03	5.003081e+00
4.967821667096205e-03	5.002993e+00
5.174294881381920e-03	5.002912e+00
5.380768095667634e-03	5.002839e+00
5.660902024239063e-03	5.002750e+00
5.941035952810492e-03	5.002669e+00
6.221169881381921e-03	5.002596e+00
6.501303809953349e-03	5.002531e+00
6.781437738524778e-03	5.002474e+00
7.061571667096207e-03	5.002425e+00
7.341705595667635e-03	5.002384e+00
7.435747653429402e-03	5.002371e+00
7.529789711191169e-03	5.002358e+00
7.623831768952934e-03	5.002346e+00
7.717873826714701e-03	5.002335e+00
7.811915884476468e-03	5.002323e+00
7.905957942238234e-03	5.002313e+00
8.000000000000000e-03	5.002303e+00
